[42 21] 373
[244 21] 93
[244 25] 5545
[21 25] 9702
[[21 25]x1 244] 48
[42 244] 1547
[[21 25]x1 21] 46
[[21 25]x1 42] 8
[[244 25]x1 42] 5
[[244 25]x1 244] 31
[21 244] 60
[21 25 [244 25]x1] 193
[[244 25]x1 [21 25]x1] 2
[37 21] 3815
[42 [244 21]x1] 18
[[42 21]x1 244] 24
[[244 25]x1 [21 25]x1 42] 2
[21 25 [244 25]x1 42] 352
[[244 25]x2 42] 2
[[21 25]x2 42] 43
[[21 25]x1 21 42] 1
[[244 21]x1 244] 12
[21 25 [244 25]x1 [21 25]x1] 14
[21 25 [244 25]x2] 5
[[21 25]x2 21] 2852
[21 25 21 25 [244 25]x1] 9
[[244 25]x1 [21 25]x2] 2
[[244 25]x2 [21 25]x1] 2
[[244 25]x1 21 25 [244 25]x1] 2
[[42 21]x1 [244 21]x1] 3
[42 [244 21]x1 244] 7
[[244 25]x1 [21 244]x1] 1
[[244 25]x2 244] 5
[[21 25]x2 21 42] 1
[21 25 [244 25]x1 244] 1859
[[244 25]x1 [21 25]x1 244] 3
[[244 25]x3 42] 1
[[244 25]x2 [21 25]x1 42] 2
[[244 25]x1 21 25 [244 25]x1 42] 1
[[21 25]x2 244] 208
[21 25 [244 25]x2 42] 1
[21 25 21 25 [244 25]x1 42] 1
[21 25 21 25 [244 25]x1 [21 25]x1] 1
[21 25 [244 25]x1 [21 25]x2] 1
[[21 25]x1 [37 21]x1] 19
[21 42] 158
[[244 25]x1 21 25 [244 25]x2] 1
[21 25 [244 25]x1 21 25 [244 25]x1] 2
[[244 25]x1 21 25 [244 25]x1 [21 25]x1] 1
[21 [244 21]x1] 2
[[21 25]x1 [21 42]x1] 4
[[244 25]x2 [21 25]x2] 2
[21 25 21 25 21 25 [244 25]x1] 1
[[21 25]x3 21] 154
[21 25 21 25 [244 25]x2] 1
[[244 25]x1 [21 25]x3] 1
[21 25 [244 25]x1 [21 25]x1 244] 331
[21 25 [244 25]x2 244] 81
[[21 25]x3 [21 42]x1] 12
[[244 25]x3 244] 1
[[21 25]x3 244] 28
[[244 25]x2 [21 25]x1 244] 1
[[244 25]x1 21 25 [244 25]x1 244] 1
[21 25 [244 21]x1] 1
[21 25 21 25 [244 25]x1 [21 25]x2] 2
[21 25 [244 25]x2 [21 25]x2] 1
[[244 25]x1 [37 21]x1] 8
[21 25 21 25 21 25 21 25 [244 25]x1] 1
[21 25 21 [42 21]x1] 5
[21 25 [244 25]x1 21] 40
[21 25 [244 25]x2 [21 25]x1 244] 20
[244 [37 21]x1] 2
[21 [42 244]x1] 1
[25 244] 1
[42 37] 3
[21 25 21 [244 25]x1 21] 1
[21 25 21 25 [244 25]x1 244] 8
[21 25 21 25 21 [42 21]x1] 5
[21 25 21 25 [244 21]x1] 1
[21 25 [244 25]x1 [37 21]x1] 644
[[21 25]x2 [21 42]x1] 140
[[21 25]x2 [37 21]x1] 113
[[21 25]x1 244 [37 21]x1] 1
[21 42 [37 21]x1] 2
[21 25 [244 25]x1 [21 25]x1 21] 1
[25 21 [42 21]x1] 1
[[21 25]x1 21 [42 244]x1] 3
[21 25 21 25 [244 25]x1 [21 25]x1 244] 2
[21 25 21 25 [244 25]x1 21] 87
[21 25 [244 25]x1 [21 25]x1 [37 21]x1] 137
[21 25 21 25 [244 25]x1 [37 21]x1] 5
[[244 25]x1 21] 2
[21 25 [244 25]x2 [21 25]x1] 1
[[21 25]x1 21 42 [37 21]x1] 10
[21 25 21 25 [244 25]x1 [21 25]x1 21] 20
[21 25 [244 25]x1 [21 25]x2 244] 4
[21 25 21 25 21 25 21 [42 21]x1] 41
[244 37] 2
[21 25 [244 25]x1 [42 244]x1] 1020
[[21 25]x2 [42 244]x1] 68
[25 [21 244]x1] 1
[[21 25]x2 21 [42 244]x1] 114
[21 25 21 25 21 25 21 25 21 [42 21]x1] 13
[21 25 21 [244 25]x1 [21 244]x1] 2
[21 25 [244 25]x1 42 [37 21]x1] 407
[25 244 [37 21]x1] 2
[21 25 21 [244 25]x1 21 [37 21]x1] 2
[[21 25]x3 [37 21]x1] 25
[[21 25]x3 21 [42 244]x1] 17
[[21 25]x2 21 42 [37 21]x1] 368
[[21 25]x3 42] 1
[21 25 21 25 244 25 [42 21]x1] 15
[25 21 [42 21]x1 [37 21]x1] 4
[[21 25]x3 21 42 [37 21]x1] 73
[21 25 [244 25]x1 [21 25]x1 42] 4
[21 25 21 25 [42 21]x1] 1
[21 25 [244 25]x2 [42 244]x1] 4
[[21 25]x4 21] 4
[[244 21]x1 25] 1
[[21 25]x2 42 [37 21]x1] 27
[25 21 [37 21]x1] 2
[[21 25]x1 [42 244]x1] 2
[21 25 [244 25]x1 [21 25]x1 [42 244]x1] 19
[21 25 244 25 [42 21]x1] 4
[[21 25]x1 [21 244]x1] 1
[21 25 [244 21]x1 25] 1
[21 42 [244 21]x1] 3
[21 25 21 25 [244 25]x1 [21 25]x1 [37 21]x1] 1
[25 21 [42 21]x1 244] 1
[21 25 [244 21]x1 25 244 [37 21]x1] 2
[21 37] 1
[21 25 [244 25]x1 [21 25]x1 42 [37 21]x1] 4
[[244 25]x1 [42 244]x1] 7
[[21 25]x3 42 [37 21]x1] 2
[[21 25]x4 21 42 [37 21]x1] 1
